6.836629559692363 
3.2136147739880405 
2.2961426389921296 
2.2223872686220467 
1.534816672234736 
1.24084686143989 
1.0218813050601294 
1.0035993157300989 
0.7446212457186081 
0.6601435023217882 
0.5650551915582883 
0.56255158290495 
0.5579235504066499 
0.5408367109894234 
0.4859348417349447 
0.4493281222058973 
0.41229607882714214 
0.3836297231302112 
0.3801385529919911 
0.3550998438376408 
0.26160246610617555 
0.20672635849604135 
0.1741296041177156 
0.12109812584369938 
0.055497507716957314 
0.04268821193231309 
0.009259460400687081 
0.006051988810341483 
0.003723404907391183 
8.175455386824217E-4 
5.76559545265259E-4 
4.507380702414828E-4 
3.8966723098204E-4 
3.8715460552617403E-4 
3.690938172942935E-4 
2.6602848505614745E-4 
2.245618966015864E-4 
2.1451487668786996E-4 
2.089147422082856E-4 
2.0508233181337833E-4 
1.9083274528346718E-4 
1.897333467950382E-4 
1.8866895712911743E-4 
1.8809749888094578E-4 
1.87683947582955E-4 
1.836274258658431E-4 
1.8100289336452048E-4 
1.802717826024742E-4 
1.797905879527413E-4 
1.7849361818755212E-4 
1.7647111178512853E-4 
1.7444934797950233E-4 
1.735068264819745E-4 
1.717576005673378E-4 
1.7007612044038387E-4 
1.6971668653504787E-4 
1.689572381832819E-4 
1.673863237861968E-4 
1.6622318986116635E-4 
1.6478710514021772E-4 
1.6382941797535628E-4 
1.6305305769937382E-4 
1.626653566781208E-4 
1.626426510401965E-4 
